%YAML:1.0
---
type: IMU
name: vio_imu_2
Gyr:
   unit: " rad/s"
   avg-axis:
      gyr_n: 4.9373410957174269e+00
      gyr_w: 4.8477797168896648e-03
   x-axis:
      gyr_n: 4.9390206131415297e+00
      gyr_w: 4.8477797168896648e-03
   y-axis:
      gyr_n: 4.9112997673283019e+00
      gyr_w: 4.8477797168896648e-03
   z-axis:
      gyr_n: 4.9617029066824490e+00
      gyr_w: 4.8477797168896648e-03
Acc:
   unit: " m/s^2"
   avg-axis:
      acc_n: 4.1893482961201576e+00
      acc_w: 1.0612171018870613e-01
   x-axis:
      acc_n: 4.2515724726023896e+00
      acc_w: 1.1637736144522041e-01
   y-axis:
      acc_n: 4.1884943099889353e+00
      acc_w: 1.0443596281000539e-01
   z-axis:
      acc_n: 4.1279781057691487e+00
      acc_w: 9.7551806310892553e-02
