%YAML:1.0
---
type: IMU
name: vio_imu_sim
Gyr:
   unit: " rad/s"
   avg-axis:
      gyr_n: 2.1170798232722535e-01
      gyr_w: 9.9617352258407664e-04
   x-axis:
      gyr_n: 2.1582328644138651e-01
      gyr_w: 9.5364333943912102e-04
   y-axis:
      gyr_n: 2.0990533414467258e-01
      gyr_w: 1.1876915030657657e-03
   z-axis:
      gyr_n: 2.0939532639561698e-01
      gyr_w: 8.4718572524734284e-04
Acc:
   unit: " m/s^2"
   avg-axis:
      acc_n: 2.6564261114759019e-01
      acc_w: 3.4140346821511657e-03
   x-axis:
      acc_n: 2.6884261161419498e-01
      acc_w: 3.2145833235757279e-03
   y-axis:
      acc_n: 2.6437162481418625e-01
      acc_w: 3.6195704504092406e-03
   z-axis:
      acc_n: 2.6371359701438934e-01
      acc_w: 3.4079502724685289e-03
