%YAML:1.0
---
type: IMU
name: vio_imu_1
Gyr:
   unit: " rad/s"
   avg-axis:
      gyr_n: 2.1108704009075310e-01
      gyr_w: 9.1720057830063867e-04
   x-axis:
      gyr_n: 2.1089041901980093e-01
      gyr_w: 8.3381430839754426e-04
   y-axis:
      gyr_n: 2.1139658767521494e-01
      gyr_w: 1.1056078762570654e-03
   z-axis:
      gyr_n: 2.1097411357724349e-01
      gyr_w: 8.1217955024730627e-04
Acc:
   unit: " m/s^2"
   avg-axis:
      acc_n: 2.6743029577194732e-01
      acc_w: 3.3878749768645367e-03
   x-axis:
      acc_n: 2.6576657585151303e-01
      acc_w: 3.3900936935024229e-03
   y-axis:
      acc_n: 2.6998147675219125e-01
      acc_w: 3.4228887482556252e-03
   z-axis:
      acc_n: 2.6654283471213769e-01
      acc_w: 3.3506424888355619e-03
