%YAML:1.0
---
type: IMU
name: vio_imu_3
Gyr:
   unit: " rad/s"
   avg-axis:
      gyr_n: 1.0448263896751676e-01
      gyr_w: 2.2781423307379739e-04
   x-axis:
      gyr_n: 1.0526938333044703e-01
      gyr_w: 1.8556945138750860e-04
   y-axis:
      gyr_n: 1.0329275310074738e-01
      gyr_w: 1.7738395669131623e-04
   z-axis:
      gyr_n: 1.0488578047135587e-01
      gyr_w: 3.2048929114256744e-04
Acc:
   unit: " m/s^2"
   avg-axis:
      acc_n: 5.8914306126825466e-02
      acc_w: 6.3767000052932356e-04
   x-axis:
      acc_n: 5.8984978744739194e-02
      acc_w: 6.0053420346189101e-04
   y-axis:
      acc_n: 5.9240066632935143e-02
      acc_w: 6.6547003090512138e-04
   z-axis:
      acc_n: 5.8517873002802055e-02
      acc_w: 6.4700576722095851e-04
